0.7376540654969683 0.15323422189100233
0.7358605906265877 0.14838078720643447
0.7340659281927482 0.14355753331821175
0.7332541392588363 0.13895091709682755
0.7353950518758219 0.13489627925925513
0.73753707817022 0.13081146526159548
0.7406653379952939 0.1268603583999949
0.7354581547365728 0.1533023940001467
0.734653792576321 0.14864322464122565
0.7318920586589455 0.14361155154825644
0.7320647165955148 0.13918391342178163
0.7332163805215475 0.13493499022316513
0.7363273279253962 0.13101332680862093
0.7394399662627402 0.1270464110184387
0.7371413104847118 0.15420467619286643
0.7334255523961973 0.14890472579261127
0.7326266210675794 0.1442458042397826
0.7328004556472812 0.1397879922904398
0.7329742902269831 0.13533018034109706
0.735095988939879 0.13121423156550877
0.7401415943702347 0.12755829942205668
0.6725178325018102 0.0008463603412155879
0.6746381126739196 -0.003231867428700269
0.6747928284720242 -0.007199397564107819
0.7368364612270151 0.15468774710320427
0.7341105293758504 0.14956699840363047
0.7323504414809524 0.14468480364172673
0.7325251583252681 0.140204366908842
0.7317316164129026 0.13554568432274394
0.7328745923042135 0.13124348599826055
0.7398313340440762 0.12790513161661146
0.7448538586405062 0.12414995090653935
0.6605996120147013 0.008990778667484725
0.6700073056794806 -0.00718350716914104
0.7347524763558955 0.15022735560667064
0.7310797485573033 0.14492931316958255
0.7312550541586564 0.1404337783580459
0.7314303591793813 0.13593825843613316
0.7354584035919531 0.13212456573792403
0.7385252805179185 0.12808760680411704
0.742557747173886 0.12416078321472078
0.659772122966852 0.008786455574531137
0.6579807304830096 0.004983379384031317
0.6581322105850784 0.0010988254003076042
0.65843517107953 -0.006670290011951768
0.6624782163130496 -0.010868663588870307
0.7353513300802983 0.15088580250932446
0.7345720857191952 0.14613709080637308
0.732835046085687 0.14121815183551414
0.733011822128063 0.13668490905140754
0.7341463831031461 0.1323218856190617
0.7371977636018792 0.12826914476554752
0.7392924837656445 0.1240160014267081
0.6589230661480198 0.008581184078921444
0.6581093866909856 0.004714979442865093
0.657295140462724 0.0008638552161002941
0.657447209031516 -0.0030357894014633596
0.6595336931288249 -0.007077727147445145
0.6635563892305034 -0.01130722900014991
0.7404831319114419 0.15716687679864733
0.7359072052698584 0.1515423582043197
0.7332314582347244 0.1463784919779357
0.7334094109202329 0.14181507537096114
0.7335873633154275 0.13725166620879853
0.7337653160009361 0.13268824960182396
0.7358486797857994 0.12844971198988603
0.6607803554412346 0.012203752287878865
0.6580525360350788 0.008374956273872011
0.6562838350490161 0.004542667686899739
0.6564364917942174 0.0006279398803080913
0.6575506836469678 -0.00335063697498348
0.66058916377333 -0.007487076911181098
0.6617051203004651 -0.01151090705596261
0.7381312260103801 0.15722812462516442
0.7383118254897301 0.1525968336675639
0.7347077615221421 0.14719604107278264
0.7329942438959479 0.14222524816640084
0.7331730788460704 0.1376392067758843
0.7333519135058786 0.1330531728301797
0.664490317955313 0.015846615602616625
0.660826565181222 0.011977028205264362
0.658115711917536 0.008126324750424622
0.6573142715394888 0.004222878436706885
0.6574681049278227 0.00027797680724730295
0.6585780943471512 -0.0037310049214961186
0.6606451643484117 -0.007826705028139529
0.6627133475916138 -0.011952570127652246
0.734248681653007 0.1476269381334092
0.7325468559093007 0.14263400674497367
0.7317852080082431 0.13784829463949322
0.662583191334799 0.015693358172732222
0.6598908382009544 0.011783026752085004
0.6571967620984203 0.007917950015477473
0.6564012362021581 0.0039996608646490905
0.6565556577669011 3.967604616151449e-05
0.6576609093475771 -0.003984636668339189
0.6597177574719018 -0.008095895098280903
0.6608244271578934 -0.012157917651236111
0.6608220821379697 0.011519287565426632
0.6581452770412796 0.007624758542401026
0.6564115486279927 0.003726009831032717
0.6565668526025066 -0.0002566034934028197
0.6576675659558611 -0.004303780881391134
0.658768846080443 -0.008366038678671014
0.6598326197761641 0.011322899301766998
0.6581116767674212 0.007371828051565568
0.6563895989663981 0.0034509282963758395
0.6574855004498968 -0.0006115717187059055
0.6585820007398171 -0.004689154451480861
0.6606194347680933 -0.008854175242084206
0.6597550543217481 0.011090691210233917
0.6571120451547012 0.007159875885680199
0.6572694081821185 0.0031244602324287593
0.6574267710643786 -0.0009109516984166996
0.6575841339466388 -0.0049463636292621516
0.6614812057067574 -0.009272102010073245
0.6622695254306084 0.014855032846823036
0.6605733331177053 0.010821943148927267
0.6570192043461536 0.006904326581747933
0.6562487971199822 0.002896472752453347
0.6564067483238087 -0.0011540260898260796
0.6584232027575112 -0.005335078472113515
0.6622999989815209 -0.009691942320156764
0.6674822037146962 0.018646252268594815
0.6630327873853226 0.014614071788540989
0.6595031889622955 0.010621977454329423
0.6568941647062105 0.006647341669182502
0.6552066496528601 0.002667530348224832
0.6553651891782528 -0.0013980554054885616
0.659219293759326 -0.0057257031346533704
0.6630757407063377 -0.010113691536076885
0.6635907080605632 0.018534847866198655
0.6610020013073041 0.014455323385623886
0.6593287839503728 0.010385479225406901
0.6585720649841869 0.006302674803211405
0.656896841345531 0.0022856236704769037
0.6561385990219861 -0.001759459755409233
0.6590538604287609 -0.00605248199956452
0.6610520351232241 -0.010317457070307345
0.6606213097855738 0.01840318473896376
0.6582102202339455 0.01018336287850536
0.6574594157495441 0.006085715619199218
0.6557955484897904 0.002054058759563264
0.6559561469229295 -0.002064325600560059
0.662508604775611 -0.006644661332952308
0.37286328993281925 0.09356484517948117
0.3746732394822597 0.09219297714507158
0.37387798026483354 0.09006543494804864
0.7460887109614545 0.11658623566075166
0.7427929499012116 0.1110177796193723
0.3731077997769703 0.09779046981550032
0.37318133387615604 0.09590476222730537
0.37066638640110816 0.09324901289149046
0.37073903794536606 0.09138593753164947
0.37340193617371337 0.09024763946272057
0.7340339725418372 0.17589911820023896
0.7316363670222235 0.17023378059361238
0.7365844289807784 0.11049524280738916
0.7367806178929561 0.10546417661483332
0.37097934844906955 0.09558114624483251
0.3701951382348253 0.09344653932625364
0.3711258283258748 0.0918248179798766
0.37205710142348436 0.0901880094863982
0.7313048470214514 0.1759587572889911
0.7280644809082493 0.17007540315403014
0.7231027694106925 0.1638451129607713
0.7224365312960066 0.15868583994470326
0.7126880775277181 0.14173727983623713
0.7284879886219293 0.1147261521485484
0.7295454279178384 0.10985346660237275
0.7340556106235341 0.1054182073235477
0.7402954160502648 0.10111869107193058
0.36971313249606197 0.09364358877022508
0.36978637236188605 0.09176542649895011
0.7262002931888683 0.17033892492741437
0.7229796774010855 0.16450178178593283
0.7206111196780467 0.1589208480522942
0.7173860916962524 0.15319685116295848
0.7115937218953226 0.1469908815610803
0.7117843221155136 0.14210313172113226
0.7119749223357047 0.13721538188118415
0.7173008573362966 0.13327649661451227
0.725588906391712 0.11969712031370891
0.7249268600804357 0.11456825169975793
0.7268362734037879 0.1098157585855295
0.7330352024059703 0.10559754576675386
0.7400961692440272 0.10137907508599199
0.7268599025198946 0.1712336036989508
0.7236622829481083 0.16535970703781763
0.7196132668952756 0.15935053428437446
0.7164106472433829 0.1536048596196031
0.7157545785247683 0.14846114678335476
0.7142479438346421 0.14315951631574597
0.7135903940449924 0.13805351098073285
0.7146332626711452 0.13327840453340606
0.7148259217990827 0.12833785608704806
0.7167208164980721 0.123682951382365
0.7211710135032584 0.11940369830373537
0.7256241726505155 0.11504903022263535
0.7266723355901364 0.11013815646202675
0.7362438827851876 0.10633870043181923
0.7234477409424043 0.16601232096991442
0.7202704495327481 0.16016954419708593
0.7170908151765253 0.1543871229861401
0.7147531117752987 0.1488453375081432
0.7141026535460374 0.14369430434593353
0.7151413720744759 0.13888879489103942
0.713645211498638 0.13359518348007116
0.7138387531815034 0.12863200280535922
0.7148779969206313 0.12381140782421779
0.714225836547234 0.11870564145593532
0.7245750950521962 0.11527243272942325
0.7281585782694818 0.11069855842274587
0.7351319617509638 0.10651397792233536
0.6499449367996452 0.02070730805823705
0.6492627584764419 0.016370912046386146
0.653696837038926 -0.010016826873517959
0.5515479789867532 0.20815482734463603
0.5525189042178684 0.2049481558981795
0.5526586190498686 0.20136531036388733
0.5544625459578088 0.19848954948150088
0.5562676492185674 0.19558362222105843
0.7191973043726256 0.16059589196495863
0.717717185197881 0.15516698603775958
0.7162359520554098 0.14976826371545976
0.7139143329675104 0.144227184412954
0.7141093453817129 0.13922628832086015
0.7151441035195407 0.13438282308730368
0.7144993702101179 0.1292244961366724
0.7276983350198858 0.11613069594432568
0.7287390176436004 0.11113637415819722
0.7323048097335271 0.1064634828068185
0.7426074128966771 0.1025672948337921
0.649879374021488 0.0292850784741966
0.649204302840799 0.024903664648166273
0.6476821796633931 0.020553389374710393
0.647005684989804 0.01620968701267017
0.6463286072370763 0.011881073658934295
0.6481930945578269 0.0074514937368546676
0.6500587690065653 0.0029917441856478592
0.6502296622687501 -0.0013906406513370176
0.6487040095248393 -0.005650403762204034
0.6505714486479625 -0.010155406602900797
0.6507423420553042 -0.014537795162291652
0.6475166240059127 -0.018584414607102237
0.6485357822260573 -0.023028108799444127
0.5458279360452045 0.22467731144839168
0.545966473943758 0.2211246471817794
0.5469299876487406 0.21797053677927922
0.5462435509021214 0.21401928886930702
0.5472076522028849 0.21085011016740274
0.548172316092832 0.2076658324539043
0.5483114427484229 0.20409807010864012
0.5492770100461455 0.2008911608640626
0.5502431452480581 0.1976691528435583
0.5512098995286114 0.19443207769225956
0.551349908158502 0.19084169800826536
0.5548003245321633 0.18857400356447362
0.556597322619603 0.1855997177534689
0.5567390957787213 0.1819640885023907
0.5601948378035536 0.1795606316363328
0.7295503724305528 0.16893139664834644
0.7197576473074344 0.16141061546268665
0.7166233968177129 0.15556974712436006
0.7159872881851073 0.1503286941559935
0.7145167502300249 0.1449304315976422
0.7147132333755645 0.1398918200881664
0.7149097162307899 0.13485321602350256
0.7151061993763295 0.12981460451402674
0.7248867311847607 0.11609599950402444
0.7275939414821639 0.11133284918228602
0.7336475378133762 0.10697218279166237
0.647589140020053 0.029145052599588897
0.6469197888796674 0.024756333582251624
0.646249802397014 0.020382699846131173
0.644737848543101 0.01604798661369803
0.6465915889213835 0.011617930172161419
0.6450784584243379 0.007313390762596208
0.6435641568894801 0.003039017966754362
0.6454190684507317 -0.001421208810911588
0.6455893733913503 -0.005788506736462494
0.6474460549419928 -0.010293986567951018
0.64592998312743 -0.014523098865158339
0.6461002882132055 -0.01889040051311524
0.646270593153824 -0.023257698438666145
0.6489740375198101 -0.0279227947629528
0.5426015760560811 0.24232833457116282
0.5419223028971492 0.23833209117640133
0.542060546997812 0.2347869610594911
0.5413803965989584 0.23081335012875095
0.542337035199138 0.22769670082567062
0.5424752792998009 0.22415157070876038
0.5426135234004639 0.22060644059185014
0.5435713436684682 0.21745962514638117
0.5428900116017898 0.21351618035802966
0.543848419465575 0.21035429661315663
0.5439869579447567 0.20680161745692044
0.5449462644819394 0.20361708705567708
0.5450850967590115 0.20005687374973885
0.5460452644176463 0.19684972531249056
0.5478276761806253 0.19397301044852058
0.5487893401578229 0.19072816241645654
0.5497515667242039 0.18746821537279834
0.5515369146348511 0.18451606943839713
0.5525006172475755 0.18121840721302435
0.5542880240659689 0.17821346267221322
0.5569000330093496 0.17547861918423574
0.7283364753035444 0.16937416737679867
0.7227467966352731 0.16280695581157645
0.7196364036564512 0.15690670078257463
0.7165236789417031 0.15106678689716632
0.7158938210202533 0.14580333972450693
0.7152633332166992 0.1405549743463258
0.7154612870935758 0.13547864741946808
0.7164885646251831 0.1305517416052037
0.7262151615681907 0.11669473232812767
0.7272470931914633 0.111647133078913
0.733264214371812 0.10725463084246221
0.7409475268060391 0.10296482608356958
0.6459512384268012 0.0334156578314773
0.6444529834265966 0.029005995408079528
0.6454599241180929 0.02459953639125659
0.6439601984228405 0.020227588454639258
0.6441313858458084 0.015837660161937394
0.6443025732687762 0.011447731869235533
0.6436370830174352 0.007096968856864911
0.6421341220616181 0.0028079859047134732
0.6458248355159759 -0.006173763689647331
0.6451585100207227 -0.010501900288258835
0.6428153416789347 -0.014661202075084187
0.6429856467647103 -0.019028503723041088
0.6431559517053287 -0.023395801648591993
0.6450042291149127 -0.027962109839014128
0.539117530042598 0.24531024726212308
0.5400679019866033 0.24221599145633338
0.539394018243924 0.23821998702830258
0.5387195410098292 0.23423906555363236
0.5388574907319735 0.23070148447604807
0.5389954410347461 0.22716388850883987
0.5391333913375185 0.22362629254163166
0.5400852387472388 0.22049433644375138
0.5410376695989904 0.2173472820315518
0.541176208078172 0.2137946028753156
0.542129551806455 0.21062494718261954
0.5422683840835272 0.2070647338766813
0.5424072169412275 0.20350450568111916
0.5433617114351033 0.20030466778780096
0.5451327774491926 0.19744255912206718
0.5452724922811927 0.193859713587775
0.5470453175095036 0.1909523551192899
0.5471856199372845 0.18735444128559364
0.5489602102754512 0.18440181836040065
0.5491011014602696 0.1807888064480525
0.5508774669576761 0.17779093442711028
0.5518369570875945 0.17446285196732703
0.5544337063315479 0.1717046754187645
0.7287339732897957 0.17021945095869742
0.7264719512920448 0.16439388588087386
0.7192735982922722 0.15749228872651608
0.7186517198011451 0.15216118173397364
0.7163832781664017 0.1465015857150262
0.7165829968628201 0.14138000177627252
0.7176063145844449 0.1364151252937219
0.7178063273690679 0.13128599976045424
0.7171821529520753 0.1260152499600115
0.7266542655333923 0.11716406933847781
0.7285073748033237 0.11219750892230862
0.7328378501554702 0.10753516673635424
0.7379968831975485 0.1029013011708794
0.6423183834233901 0.02446024046868395
0.6424901590227672 0.0200552289869541
0.641831271439236 0.01567452669371959
0.6411718007765662 0.01130891340878943
0.6421742343164237 0.006879590641693856
0.6418565503232805 -0.006250796039612046
0.6420277375285127 -0.010640718748704939
0.6388679835999482 -0.014722200976843368
0.6382049776928747 -0.018997293028837105
0.6400413208868457 -0.02353390438718307
0.641878830093937 -0.028100690039731736
0.5361745077723777 0.25583353322908764
0.5379245157796206 0.2532349552585682
0.5372571562737682 0.24920900688964376
0.5365892400743666 0.24519814287835692
0.5359207298029215 0.24120237671005457
0.5360586795250657 0.23766479563247028
0.5361966298278382 0.23412719966526208
0.5363345795499824 0.2305896185876778
0.536472529852755 0.22705202262046958
0.5374187046783444 0.22392736217689546
0.5383654623653371 0.22078761830862595
0.5393128397115987 0.2176327924199381
0.5402607737514096 0.2144628821736126
0.5403999004070006 0.2108951198283484
0.5405390264819632 0.20732737237270815
0.5422981579901254 0.20449496798386252
0.5424378728221254 0.20091212244957035
0.5441987641251372 0.19803445336834943
0.5443390671335465 0.19443652464502928
0.5461017288614203 0.19151359134276788
0.5462426200462388 0.18790057943041974
0.5471952653929578 0.18460998901791378
0.547336450956295 0.18098942806623966
0.5491023426297272 0.177983529543845
0.5492441163694737 0.17434788540314292
0.5518247292547063 0.17158899336839276
0.7266283020812949 0.17045714862709008
0.7260165083683099 0.16500559972809567
0.7205018442245179 0.15844926148378524
0.7182524286560903 0.15271493336075315
0.717636569173006 0.14736899098527506
0.7178380526889662 0.14220215003462544
0.7180395359146121 0.1370353165287878
0.7182410194305723 0.13186847557813824
0.7184425026562182 0.1267016420723006
0.7254007727979178 0.11737840807755269
0.7280636975851287 0.11250750315288094
0.7331884511925695 0.10792501080973123
0.7391369611049412 0.10335567665370833
0.7442690158882029 0.09858460908017042
0.6400015496515369 0.02431147866137987
0.6393486289580768 0.019915933535716236
0.6772849221875281 -0.14962945601835093
0.6774678746628291 -0.15432108717687534
0.67765082713813 -0.1590127183353998
0.6778337801940592 -0.16370436438354813
0.67801673266936 -0.16839599554207257
0.6773626359133955 -0.17276138173449218
0.6767079562960281 -0.17711168450221637
0.6760526826066169 -0.1814468894269561
0.5360468346142577 0.25716316601362466
0.5345849496207432 0.25264932827709397
0.5339227006904662 0.24863116837583363
0.5340609447911291 0.2450860382589234
0.5341991888917921 0.24154090814201312
0.5343374329924551 0.23799577802510288
0.534475677093118 0.23445064790819264
0.534613921193781 0.2309055177912824
0.5355547172331303 0.22778061885231238
0.5389046862599486 0.22587871454962216
0.5398475614792636 0.22270103259114102
0.5423978932815878 0.2203034802324284
0.543342508023533 0.21708051799467315
0.543483693006242 0.21345997193262298
0.5436248791502074 0.20983939609132496
0.5453753119936353 0.20695371610527766
0.5455170851527534 0.20331808685419947
0.5472692777910311 0.20038714217577688
0.5458006332128745 0.19604678368317136
0.5479810879524373 0.18213349063750253
0.5497373984062075 0.1790969487462601
0.5506876064293604 0.17573068900359443
0.725518035735281 0.1656153907225265
0.7224772042164673 0.15958977634891564
0.717810101906107 0.1532667767886982
0.7172007978523957 0.1478908990857481
0.7174034577211741 0.14269389175704253
0.7176061175899526 0.13749688442833694
0.716182449597099 0.13200247492184902
0.7155710863453272 0.12667940327012076
0.7265570716819607 0.11796950113284098
0.7292056660550594 0.11305263999425932
0.7326705952744355 0.10820149041600874
0.736952871456166 0.10339344692348783
0.6661064772400136 -0.1379311984484245
0.6704363515039771 -0.1439611905728319
0.6706181276264596 -0.14862265535330035
0.6716304460231067 -0.15358046536624423
0.671812516524108 -0.15824947918603863
0.6728256692937251 -0.16322989327830575
0.6730080341732452 -0.1679064561374261
0.6731903984721368 -0.17258300410692254
0.6717087849419829 -0.176591458925735
0.6718905610644654 -0.18125292370620344
0.6720723371869479 -0.1859143884866719
0.6705884238674931 -0.18986252357311179
0.5327075831061185 0.25657000557972326
0.5320512861812778 0.25253698563359933
0.531394416037241 0.24851906422773487
0.532328362559013 0.2454316422107509
0.5332629122144071 0.24232915235597036
0.5341980356696256 0.23921154907130648
0.5360700668008813 0.23293112341141747
0.5378041487906211 0.23018826393948888
0.5403368735028873 0.2278277115119705
0.5404780596468528 0.2242071356706725
0.5406192446295617 0.22058658960862232
0.5742914890924613 0.23333876087630398
0.5760423105548365 0.23016596258082778
0.576196438321689 0.22621351191204225
0.5771497969874774 0.22262828509863897
0.5781037914310045 0.2190279618368009
0.5478649968375248 0.20168014332810913
0.57921333735202 0.21143747085857828
0.5801687560868112 0.20779941565951723
0.5535357802358081 0.18143586105833376
0.7290065483969008 0.16719185746120058
0.7235710165930811 0.16054079532498206
0.7189379050893168 0.15417396065021494
0.7183357446413874 0.14875306443076475
0.7169258271484538 0.14318372528062512
0.7171296639506789 0.13795653668423963
0.7189490187063481 0.13302627140896023
0.7191534436849825 0.12778399962354678
0.7276488139204798 0.11855774666166785
0.7278561800714742 0.11324005148630248
0.7313005182613552 0.10836532081507017
0.6619847072020355 -0.13780345807907798
0.6629892465054759 -0.14270116057189897
0.663994416271649 -0.14761395974882216
0.6641750160413131 -0.15224525815123463
0.664355615230349 -0.15687654166402318
0.6645362150000131 -0.16150784006643565
0.6647168153503055 -0.16613915335847204
0.6648974151199697 -0.1707704517608845
0.6650780148896338 -0.17540175016329698
0.6652586146592979 -0.18003304856570948
0.6654392138483338 -0.18466433207849803
0.6656198136179979 -0.1892956304809105
0.5301685355654067 0.2564574242051653
0.5303073678424788 0.2528972108992271
0.5304462007001791 0.24933698270366497
0.53137535661212 0.24623423900225713
0.5330957389860767 0.24356634826392456
0.537754785042241 0.22771322170291078
0.5386883740010406 0.22449733244663203
0.5705372597337561 0.23675448418495415
0.573069411787747 0.23399342893613267
0.5732235395545995 0.23004097826734712
0.573377667321452 0.22608852759856157
0.5735317945076763 0.22213609181939997
0.5736859216939005 0.21818365604023834
0.5738400488801249 0.21423122026107672
0.5739941766469774 0.2102787695922912
0.5741483038332017 0.20632633381312956
0.5727117835894759 0.20171540281763078
0.572865322599291 0.19777805022749717
0.5531208571634957 0.18598669233934173
0.5524708162648169 0.1819312784245924
0.5526167084006841 0.17819002218144653
0.7275944921588996 0.16760317045331433
0.724600231489418 0.16148894304560144
0.720802410893348 0.1552566773449836
0.7178031445384397 0.1492706791427771
0.7164051612611192 0.14367164316056133
0.7166101744161628 0.13841428818611987
0.7168151872808921 0.1331569406564904
0.7170202007262498 0.12789957823723697
0.7262662196852264 0.11876636103990679
0.7272780227124169 0.11354407913823703
0.7298981683856762 0.10852772396416227
0.7429740690709925 0.10480459721399729
0.74560156265046 0.09959967588456342
0.6572342695035914 -0.14200221066174623
0.657413692339809 -0.1466033277964788
0.6575931157566547 -0.1512044598208353
0.6585925706523736 -0.15610994984837817
0.6587722878671098 -0.1607186160224367
0.658952005081846 -0.16532728219649523
0.659131721715954 -0.16993593348092983
0.6584902322602552 -0.17421010505299386
0.6586696550964726 -0.17881122218772644
0.6596708739407908 -0.18376194689272934
0.659028501930164 -0.18801348623643943
0.6575631141110382 -0.19188520835750122
0.528552676973986 0.2532569438228317
0.5286918036295769 0.24968918147756752
0.5343255949928402 0.24932206829598264
0.534466779975549 0.24570152223393243
0.5658546742069838 0.24366588775987352
0.5660073312424991 0.2397511525084699
0.5677346250922399 0.23663021535766113
0.5671002372463138 0.2323110313193593
0.568041114935461 0.22877059336642186
0.5674061389131255 0.224466492517148
0.5667706152588197 0.22017750603069972
0.5669232722943351 0.2162627707792961
0.5394584776042208 0.2000408112751819
0.5672285857847377 0.2084333151661128
0.5681708936607832 0.2048551306219959
0.5699037754767255 0.2015908957306093
0.5700573144865406 0.19765354314047567
0.554400001221884 0.18743774049348844
0.5529660082346597 0.18303848115008847
0.552321959885856 0.17896823836427322
0.7215871859717196 0.16150575966802247
0.7209999059364554 0.15597975090702354
0.7188197474001332 0.15012759711774962
0.7166378757993486 0.14432071709588007
0.7168443593954152 0.13902565414886864
0.7170508435721099 0.1337305763122333
0.7148653902868485 0.12801420100345912
0.7118805848234265 0.12221019251089923
0.7272449973633156 0.11934958280446145
0.7274550105984656 0.11396400583365818
0.7364483629316292 0.10979134725623498
0.7390579034325976 0.10463095441940695
0.7416692659683504 0.09942531783945283
0.654586922659598 -0.13782100603211633
0.6515115235134534 -0.14130183117376796
0.6492478344360111 -0.14501179219999014
0.6502398933434387 -0.14986472072196919
0.6496031510499909 -0.15412352733528734
0.6514107452049792 -0.15930368458420258
0.6515889916883784 -0.16387463534087918
0.6517672381717774 -0.16844558609755578
0.6511296561903535 -0.17268178886721808
0.651307608875862 -0.17724520547419265
0.6523019782026029 -0.1821584532572095
0.6524802246860021 -0.1867294040138861
0.6518414657711316 -0.1909354255158685
0.6520194190372683 -0.195498857012467
0.5333026589291892 0.25012157930129897
0.5334444326689356 0.24648593516059686
0.5597859576980994 0.24577969145121886
0.5607187642380341 0.24230685049923456
0.5608705381379934 0.2384147623658088
0.5602403985849339 0.23412601461042382
0.5603918786870027 0.2302414606267001
0.5621084149642631 0.2271200464850996
0.5614776360603433 0.22284635027361016
0.5514491160617045 0.21418999442690934
0.5515970665246899 0.21039595446697748
0.5352874912856387 0.19922256133146965
0.5354292650253851 0.19558691719076754
0.552040917913646 0.19901383458718191
0.5521888689572595 0.19521977973762614
0.5523368194202449 0.19142573977769428
0.5516995741489454 0.1873180035500519
0.5510617818263037 0.1832253667956112
0.5512091441128799 0.17944641002470732
0.722514193299479 0.16244937550478533
0.7203531643396313 0.15652252312244364
0.718190318224534 0.15064092588611333
0.717607829089415 0.1451302313647263
0.7178160777953375 0.139789903961007
0.7164410336639278 0.1341540974679637
0.715856779418953 0.1286886674032846
0.7144797234004985 0.12310566114686837
0.7257817104141316 0.11955462672523935
0.7267854032433113 0.11426397859252796
0.7325483389669611 0.10961842018349965
0.733554972968501 0.10425234866083638
0.648875820950618 -0.137142751766785
0.6458210543945067 -0.14059999069849918
0.64276398215346 -0.14399689524388423
0.6421314422934341 -0.14822529698375053
0.6423076304497152 -0.15274346402364114
0.6432934280159746 -0.15757399881266212
0.643469909970146 -0.16209970000225477
0.6428361931766735 -0.16629792047444117
0.6430123807523263 -0.17081607262470785
0.6439993552520322 -0.17567678868140874
0.6449868750611957 -0.18055255954243954
0.6443523191603753 -0.184728191060594
0.6445288005339185 -0.1892538773605627
0.5362730019288573 0.249515479746805
0.5379664063343116 0.24671037955559738
0.5412111358163144 0.24474338677149934
0.5453806459678563 0.23937119633545906
0.5455277144565419 0.23559977371425722
0.5456747823645993 0.2318283659826793
0.5465983861006917 0.22845334959841698
0.5459689187613425 0.22428553562989959
0.5461159872500281 0.22051411300869775
0.5478178954971326 0.21749026841958222
0.5479655521622274 0.21370376260935242
0.5481132082466941 0.2099172716887465
0.5482608649117889 0.20613076587851667
0.5491871621721099 0.20268788421865747
0.5493351120544671 0.19889385914834953
0.5494830630980806 0.19509980429879376
0.549631013561066 0.1913057643388619
0.5505587351126509 0.18782515074177975
0.5522671138808848 0.18463537618373244
0.55319635260388 0.18111706368910935
0.723376691002416 0.1633901454453039
0.7188782701258887 0.15688570761154697
0.719088577158929 0.15149259649104166
0.7169419253435807 0.14561170939763896
0.7163653978561051 0.14008616994695247
0.7173607754610623 0.1348707218340884
0.7167836597971774 0.12936026557242988
0.7193532851508202 0.1243945606803176
0.7242861457228139 0.11975823199316264
0.7244979240678198 0.11432739056565147
0.7270728440252449 0.10922591091544542
0.6520269881430323 -0.1394869526461882
0.6449810073269828 -0.14159139427845857
0.6395363808789127 -0.14414000709279096
0.6381056196441218 -0.14807066077683725
0.635869839852696 -0.15166608761719297
0.6360448504949021 -0.15615405849977973
0.6354153361348513 -0.16032187409851428
0.6347852758847151 -0.164474620003295
0.6349596989311403 -0.16894752258647772
0.6359394872484266 -0.17376319918679245
0.636919906609074 -0.17859398736083323
0.6370949172512802 -0.18308195824342002
0.6380761762999037 -0.18793535026111668
0.5350363042622122 0.25400031793379557
0.5351807245054858 0.2502968068872795
0.5368639547804909 0.24747613139096084
0.5385483602470578 0.244625319295834
0.5402339405701965 0.2417443109255697
0.5419206999036567 0.23883313629508307
0.5420674740138236 0.2350692627132072
0.5422142487046188 0.2313053742417074
0.5423610222341575 0.22754151554945545
0.5432792492608844 0.22416627567725483
0.5434263177495701 0.220394853056053
0.5443454267505965 0.21699699584512233
0.5444927896178009 0.21321802418459457
0.5454127811737555 0.20979753474531
0.5463334026118144 0.20636196351154718
0.5472545684437125 0.202911292686749
0.5474028132852164 0.1991097036874912
0.5475510575460922 0.1953081295778573
0.546925205044384 0.19118578878219583
0.5470731555073693 0.18739174882226395
0.5487704781708542 0.18420901629783562
0.7173711493444636 0.15724748509292805
0.7152423516866763 0.15132205484359992
0.715452659300345 0.1459289288334707
0.7156629669140137 0.14053580282334147
0.7174350463244188 0.13543721657490926
0.7184270990261902 0.13016872367976004
0.6618958307244195 -0.13476195200899216
0.6596908458424995 -0.13873377449832497
0.6447265923149963 -0.13825821310523756
0.6425133712214628 -0.14201882627930673
0.6379046247087307 -0.14486356211489235
0.6348887759420552 -0.14821329563495222
0.6326691325093501 -0.1518080069891203
0.632045290152802 -0.15598310335253707
0.6306218044527379 -0.15982277928140654
0.6307959331206443 -0.16428813282526328
0.630970062369179 -0.16875350125874394
0.6303442092868423 -0.1728758271647815
0.6313183197049919 -0.17768420834645748
0.6330935929605807 -0.18286576841871732
0.634069221711397 -0.18771187827718197
0.5333032110930986 0.2506284371861552
0.5349759546637911 0.24779973484461024
0.5366498948595213 0.2449408817119081
0.5375604100859623 0.2416257665769463
0.5384714911397182 0.23829553765860004
0.5386179714519947 0.23453919822642622
0.539529960647904 0.23118635290229222
0.5396767341774428 0.22742249421004027
0.5398235082876097 0.22365862062816438
0.5407366482491119 0.22027559310340825
0.5416503758063951 0.21687749727924804
0.542564692701344 0.21346428848681204
0.5419451009601757 0.20931956884781638
0.5436275940951324 0.20624198795488108
0.543775545138746 0.2024479331053253
0.5423871878199041 0.1979826985351048
0.5440714460647167 0.1948598531854616
0.5434506315306566 0.1907452834046809
0.5435982876151233 0.186958792484075
0.5445152980343009 0.1834777184160421
0.6754065819272318 0.03230980588466108
0.6787271076157957 0.027293583303643648
0.6812683256849803 0.022228393215399978
0.6838112667228541 0.017117948443116607
0.6840092205997308 0.012041621516258868
0.6849897646675671 0.006931291297566651
0.689885088083662 0.001598156709903726
0.6893019643517685 -0.0034818846703576975
0.6863679338525259 -0.008376940249736183
0.6826478252289357 -0.013147477118938579
0.6828448966960415 -0.018201175539848354
0.6830419680179903 -0.02325487023835216
0.6840236465877928 -0.02839536450724412
0.6638420779000482 -0.1319075276932681
0.6561165545397816 -0.1341320782371413
0.6539268287766606 -0.13808055277626508
0.6414398137617938 -0.13840394887483376
0.64161953097653 -0.1430126150488923
0.636251342182947 -0.14558805670028813
0.6340504875081243 -0.14924993412803905
0.6318478201221164 -0.15286653383967533
0.6296434358082104 -0.15643789724363438
0.6290246790206403 -0.16060523585157718
0.6284053816579906 -0.16475750452989874
0.6285798047044158 -0.16923040711308146
0.6287542271702128 -0.17370329480664023
0.628928650216638 -0.17817619738982296
0.6306935025645884 -0.18336579698727468
0.6316639987257252 -0.1882196662314305
0.5338358489487853 0.2485638170943688
0.5347406915910955 0.24525599761371314
0.5356461021375956 0.24193307935713065
0.5357925818692437 0.23817675481458073
0.5359390621815203 0.23442041538240693
0.5353254347454983 0.2302608509319455
0.535471620679256 0.22651206053909761
0.5356178060323855 0.22276328503587364
0.5372859916835588 0.21977572558903963
0.5381940439992082 0.2163849253013519
0.5383411124878938 0.21261350268015006
0.5377263140140597 0.208484104843412
0.538635248884637 0.2050706723273703
0.5387823167926944 0.2012992645957924
0.5381666357639323 0.19719249898740826
0.5390764531894374 0.19375643424301264
0.5392235216781232 0.1899850116218108
0.5393705895861806 0.1862136038902329
0.6759150781989924 0.027130421018961594
0.6784404487552331 0.02205697175314591
0.6801909662177114 0.016957424309304053
0.6811658372659457 0.01185440091213593
0.6852499591965104 0.0065993246142232
0.6862271307598311 0.0014359628726526123
0.6864271436896112 -0.0036931663830210362
0.6850710211809612 -0.008708549464047519
0.6821570769461951 -0.013564937972316775
0.6815766427752199 -0.018576849289076228
0.6802167385352913 -0.023494182802059074
0.6804141036551306 -0.028555411650264914
0.6609964515367793 -0.12747821246281602
0.6556850860899683 -0.13054228320652125
0.651941580081432 -0.13402182113607283
0.6489814141640532 -0.13769397224545987
0.6444457484107144 -0.14075458936559315
0.6391196233148247 -0.1434415078013636
0.6353637680135602 -0.14660422407754045
0.6323924255831501 -0.14998976481614784
0.6309942837800271 -0.15392653470126025
0.6295949168614996 -0.15783309516966212
0.6289827633949461 -0.16203038980929568
0.6275813863312584 -0.1658841947099422
0.6277566913519832 -0.17037971463185492
0.6279319969533363 -0.1748752494433916
0.6312654214780025 -0.1807749377379631
0.65197725451849 -0.19462378002846759
0.651371271879541 -0.1989794558333744
0.5320671611068614 0.24513745326508973
0.5314594803612694 0.2409630285340974
0.5316053719165085 0.2372217871805755
0.5309968347838425 0.23306999561087938
0.5311424325411911 0.22933628840705947
0.5320430471628539 0.22599804823038575
0.5299229761642371 0.22109305186262718
0.530823593443403 0.21775481180378714
0.5309688968222328 0.2140286536392932
0.5311141996204345 0.21030251036442316
0.5312595035798925 0.20657633731030528
0.5314048069587223 0.20285017914581135
0.531550109756924 0.19912403587094132
0.5332101801853943 0.19606810251258633
0.5318407170952117 0.1916717046523295
0.5335019632958724 0.18858561980554248
0.5344061331438441 0.18515688142764308
0.5720428979775943 0.18811375060837127
0.5699251573355202 0.18314839089014429
0.6746335508972727 0.026958165096883667
0.6779145706199917 0.02184952029323995
0.6811979487988249 0.016680531801933726
0.6821691534720746 0.011532012892792255
0.6839127370167819 0.006333934701055775
0.6841133381229711 0.0011897222563541435
0.6843139392291604 -0.003954490188347488
0.682196541772867 -0.008927374863413683
0.6793043650655713 -0.013790352379163158
0.6795029072640143 -0.018881766217454875
0.6797014493173001 -0.023973176333340597
0.679126146719905 -0.02897730220756705
0.6824209490599007 -0.034440459184007954
0.6589192534407234 -0.12327242042547365
0.6552082325677212 -0.12689407839041392
0.6507139571371092 -0.13018707630254167
0.646996713435785 -0.13365029529176387
0.6424956677905187 -0.13676981443130123
0.6403346910013903 -0.1406263586282144
0.6381719919693578 -0.14443766675311775
0.6352256963998671 -0.14791275252647584
0.6322770481247396 -0.151327505543722
0.6301084206429038 -0.15498792373223325
0.6295034110724465 -0.15923024433317884
0.6281148525658604 -0.1631363558419859
0.6275083716834378 -0.16734094613592565
0.6284684046506127 -0.17220284141019915
0.6294290225560655 -0.17707980510171045
0.6319585551987108 -0.18267443467869818
0.6399809305480451 -0.19082606672238245
0.6464397302723247 -0.19839580984870656
0.6466229777067726 -0.20309500493618088
0.5271490756660808 0.24372009009280898
0.5272943790449107 0.23999393192831503
0.5251933858676892 0.23501422021198023
0.525337806691591 0.23131069427584022
0.5262315973829019 0.22800994684371875
0.5263763125853226 0.22429887186825279
0.5242711780822575 0.21942475654962923
0.5244150113103785 0.2157362989128933
0.525309390758727 0.21242045340211993
0.5254535172041102 0.20872447650530587
0.5255976442301216 0.2050284847188679
0.5264931744440629 0.20168245700747234
0.5266375952679647 0.19797893107133235
0.5267820160918666 0.19427540513519234
0.5276787482458518 0.19089922686830701
0.5293286263485283 0.1878277176253998
0.5347441277426626 0.18628731787081368
0.5440805565479256 0.18229541055770715
0.5653369441896277 0.18653540489751394
0.5639879221045256 0.18189055848029476
0.5664095445341495 0.17864859280749779
0.6740849758040887 0.026779929520188758
0.6796422272098831 0.021603890393400944
0.6829061411789922 0.016381148960600198
0.6823418062049811 0.011233941506755891
0.6825432895757841 0.0060671042785122725
0.6835114738463293 0.0008580050475154068
0.6829462563173903 -0.0042665701779749585
0.6808458331212333 -0.00926136566277895
0.678743687101544 -0.014210910185949215
0.6797112829053658 -0.01940491878310613
0.6799112959803029 -0.024534051761185754
0.678574332672846 -0.029488133332726554
0.6795425615969035 -0.03469723849615194
0.6502268860368328 -0.1265544035172234
0.6457642978047562 -0.12983088715011415
0.642848636146768 -0.13353886048550628
0.6391550987174102 -0.13691793527268994
0.6370102582870026 -0.14077376398341546
0.6348636982711942 -0.1445843565042975
0.6334917320804794 -0.14864082454280986
0.6321186356420291 -0.15266716935975452
0.6299673235292356 -0.1563570383223004
0.62936887175534 -0.16062928668807241
0.6272146161029974 -0.16424373982331206
0.6273922744099873 -0.16879960739096067
0.628348149887567 -0.1736919209159265
0.6300830346223829 -0.1789432709824587
0.6349341769515273 -0.18563086411637375
0.6366726368498814 -0.19097275647356218
0.6415296621043742 -0.19781121127700502
0.6432716510611836 -0.20324360276836134
0.5224077099344977 0.2386006328897058
0.5218087507833626 0.23447949946064767
0.5212091831835988 0.2303734336337187
0.5206090497565201 0.22628248159017414
0.5200083031464349 0.2222065820234675
0.5201515476175184 0.21853322246538345
0.5202947920886019 0.21485986290729944
0.5204380365596855 0.2111865033492154
0.5205812804501407 0.20751315868075532
0.521470281692877 0.2041970597849621
0.521613819961851 0.20051616607717604
0.5225036770110332 0.19717744890971056
0.5241407609825771 0.1941582918767779
0.5265259288441851 0.19143604692745797
0.5304073097647379 0.18930767244445232
0.5428171214727063 0.18276690375788812
0.5534460400719889 0.18293373566647714
0.5558477021252899 0.1797891175706103
0.5597490636746772 0.17714782462563464
0.6734933651059762 0.0265997857446594
0.679014136191058 0.021391906813971084
0.6837785909206433 0.016098297314722503
0.6824606682728247 0.010933488771332996
0.6826636223749649 0.005728936125707448
0.682866576477105 0.0005243834800819011
0.6845927603251549 -0.004780253468703602
0.6802248015257322 -0.009654381012198489
0.6750911138789595 -0.014372865292137056
0.6808301339027552 -0.025177517480471333
0.6802688300340396 -0.03026414600232845
0.675889988374319 -0.03485919360233978
0.6527703894709496 -0.12381778010381925
0.6460363639767998 -0.12645995998099452
0.6416057567411493 -0.12972746348435035
0.6387113185071065 -0.13342693368099928
0.6358145296443019 -0.13706605611407865
0.6336858255726151 -0.14092116933861654
0.6315554019155274 -0.1447310463733109
0.6301941959547962 -0.1487870373031978
0.6288318624038326 -0.15281290489368332
0.6282399625308643 -0.15711506637032518
0.6268755218901965 -0.16108810720537012
0.6270543565500049 -0.1656741411510747
0.6272331912098131 -0.1702601750967793
0.6274120264502496 -0.1748462239321078
0.6299101656922499 -0.1804649019380345
0.6316366408258441 -0.18577707687676173
0.6341380159090373 -0.19147873475677832
0.6381890930312658 -0.19795933211839373
0.641468846283052 -0.20414094404267052
0.5191728744603135 0.2343626246976291
0.518578688304293 0.23025679748392971
0.5179839310059515 0.22616608381794737
0.516649684753388 0.22169568621313565
0.5160534605424689 0.21764265830312107
0.5169355855191458 0.2143640502859956
0.5170785356117107 0.2106982397672375
0.5172214857042754 0.20703242924847945
0.5181047876143989 0.20372363996367407
0.5189887012112824 0.20039976830494927
0.5213550850493859 0.1977447045545035
0.523723233997345 0.19504437634734983
0.5275762449403532 0.19295252456907933
0.5292066656445584 0.18982729251742653
0.5352910542430748 0.18854254223898828
0.5384104612340843 0.1859201598598183
0.5407894673099587 0.18294073960902088
0.5491143693646128 0.1822292796454864
0.5507559656662309 0.1788173924363485
0.5546295480719858 0.1761975391249137
0.557018309607759 0.17296922566876938
0.669641075917055 0.03155941283385594
0.6705952644793162 0.026432807062308473
0.6473972501959442 0.02169325687092162
0.6475881447220755 0.016797959852850576
0.6477790393207854 0.011902660973576541
0.6812188639540941 0.0054587664141205194
0.6814227003208481 0.00023158898495299202
0.6838952437641512 -0.005146434166464944
0.6810737998449901 -0.010164945085358819
0.6794121905456338 -0.025582507732901105
0.6773416870709675 -0.030515532044405894
0.6485425091244968 -0.12373252529543965
0.6433843657008861 -0.1268578008867131
0.6382221494056094 -0.1298774926424072
0.6353492316315339 -0.13357600862180524
0.6332387228263143 -0.13748320496656538
0.6311264997507 -0.14134516488581467
0.6305431695613383 -0.14573005436390998
0.6284280044424214 -0.14951656855877146
0.6270769684583898 -0.15355701419846252
0.6264910355480708 -0.15787402036873652
0.6266710477219541 -0.16249025047174492
0.6260842354948387 -0.16678463918545514
0.6262639521289466 -0.17139329046988974
0.6264436699243111 -0.1760019715335722
0.6281588019665187 -0.1812995401562295
0.63064315547856 -0.18697928141191344
0.6331292741004572 -0.19270428712430526
0.6363857450205517 -0.19884160358091538
0.6388756427162243 -0.20466465897918457
0.5411381313783693 0.25633325929984874
0.5203457404793249 0.23259772606171908
0.5197581094623632 0.22846197096535958
0.5162358534049665 0.22276327560424933
0.5156458926120904 0.21868786896873432
0.5157894308810644 0.21500697526094828
0.5166673513474446 0.21169794736291328
0.5168111839949373 0.20800950461580126
0.517690012603471 0.20467786031197854
0.5185694064586914 0.20133111711439536
0.5209205359123736 0.19865272053903194
0.5232734486712562 0.19592906008640182
0.525628105687147 0.19316013447978891
0.5279845480851132 0.19034596000336693
0.532552970351448 0.1884211355921132
0.5349138249434255 0.18549381486354544
0.5424377712440188 0.18459639607522482
0.5440665537229131 0.1812368305995388
0.5456965525184365 0.17784714480921826
0.5480658959948508 0.1747010643315112
0.554129601098883 0.1728411403259738
0.5587203775525369 0.17034306539391297
0.6467115738266164 0.026412701640720966
0.6439060591630896 0.021538457451446072
0.6440969536892209 0.016643160433375027
0.6450378217047256 0.011719974581166349
0.6444787425963264 0.006852570119638912
0.642417951834796 0.002086196615876685
0.6441096758220234 -0.002887508437620579
0.6450514262472988 -0.007833322795777219
0.6444908765527196 -0.0126630155623287
0.6446814769180679 -0.01755076912468277
0.6456241096079571 -0.022519208266381395
0.6450626776487641 -0.02732627624939089
0.6458418005826493 -0.12412499375314416
0.6399631042041612 -0.12700949963037483
0.635597342096919 -0.13028168999263864
0.6335053276710632 -0.13424850337165573
0.6306522081140509 -0.13790082906179302
0.6293160475179924 -0.14204639492351218
0.6287387324732381 -0.14644615724427026
0.6274005129694332 -0.1505389244995795
0.6253006016543092 -0.15430209097989941
0.6254814958024921 -0.15894093842163784
0.6249012387144354 -0.16326525501800818
0.6243203485061428 -0.16757447504811007
0.6245006544779165 -0.1721982393008205
0.626205071233967 -0.1774962984093437
0.6286729464074391 -0.18316919285248257
0.6311426342920967 -0.18888736501173614
0.6343770024714492 -0.19501056715052567
0.6368505111355776 -0.20082678760110678
0.6377987353201138 -0.20593854669998546
0.5375927049382253 0.25577629979060956
0.5362926451659702 0.2509825163047045
0.5178285639961684 0.22874595144115067
0.5165178938731871 0.2242237242189702
0.5159344855618666 0.22011838958296137
0.515350467473166 0.2160281224901649
0.515494888297068 0.21232459655402486
0.5156393097015981 0.20862105572826095
0.5172429400359991 0.2056306488138824
0.5181178376599072 0.20226103489254937
0.5204537301763895 0.1995592911231687
0.52279136694988 0.19681228219980523
0.5251307904341973 0.19402002446554956
0.5289341064911931 0.19182018964647496
0.5312776045890611 0.1889223034077682
0.5343545622421717 0.18628294447144286
0.5374338745102988 0.18358323794829848
0.539051056077472 0.18024585882505534
0.5414019072513974 0.1771594103890628
0.5444873935852603 0.17430130792885498
0.5483083591664247 0.17164890304973798
0.5535991432800629 0.16943806086974095
0.6446862897231791 0.026245946752251115
0.6441349451996313 0.021318436980623363
0.6435830071120896 0.0164060120235592
0.6445196756419895 0.011452413970920394
0.6447120406817224 0.0065194071190763855
0.6441592202569884 0.00162960880675719
0.6428603369827087 -0.003194344779609875
0.6430518197578278 -0.008104726847911897
0.6432433025329468 -0.013015108916213925
0.6434347851629088 -0.017925487262109973
0.6436262679380278 -0.022835869330411995
0.6423238131738124 -0.02756930656513098
0.6402729819026067 -0.03217656504106982
0.6423775087960022 -0.12427860045997291
0.6380481398791972 -0.12765495694484758
0.6344686599064149 -0.13119520621133457
0.6316399520132112 -0.13492199537741176
0.6303169043527732 -0.1391274168866174
0.6289927258639716 -0.14330270028463143
0.626912729981344 -0.14716320096464106
0.6255859038277586 -0.15127058767759327
0.6250130876718197 -0.15564747915676785
0.6244396351575138 -0.1600092592978838
0.6246214118606245 -0.16467073896797615
0.6232910560679557 -0.16868761165713653
0.6249849641055896 -0.17399366852891307
0.6266800913629936 -0.17932992016344362
0.6283763526868925 -0.18469632468095606
0.6315883225857277 -0.19079783368335132
0.6332875708967557 -0.19623969730249194
0.6380193154309404 -0.2031819247580983
0.53405803665119 0.2552198023825383
0.5320468292443958 0.25000984104045737
0.5285901369494829 0.24401182265520918
0.520797525082792 0.23563453313700564
0.5187780820450124 0.23063576622056445
0.516756897988356 0.22568224968631584
0.5161800232151234 0.22154697152183125
0.5156025831952038 0.21742679225110717
0.5157481809525524 0.2136930850472873
0.5158937787099009 0.20995937784346738
0.5167635894360794 0.20658200610774352
0.517634012429646 0.20318953710847634
0.5199546276319847 0.20046444480944547
0.5222770308739019 0.19769410375843924
0.5238757642120765 0.19455232758938476
0.527652771856777 0.1923362169864691
0.5299807623167723 0.18942256324634427
0.5315842016468487 0.18616010667544197
0.5339154292767885 0.1831634731201441
0.5347946518192754 0.17954471074255993
0.5378559759240218 0.17675353609620648
0.5416471034538075 0.17417536945704026
0.5447134279289745 0.17125596536951304
0.642639532325633 0.026078235554341515
0.6435714075881989 0.021109315699445155
0.6430260274423759 0.016166959255148605
0.6439584910265079 0.011182952488818267
0.6441520328545304 0.006219768091700342
0.6436057702263581 0.001300042014554751
0.6423187791716821 -0.003553602353626284
0.6425114384447767 -0.008494154522390274
0.6427040978630282 -0.01343471041356023
0.6421557763271095 -0.01830163788429591
0.64308941626406 -0.023315811028682215
0.6425405066968893 -0.02816765903279589
0.6491841177702855 -0.12282295923005812
0.6396606633148055 -0.12467176951424114
0.636111609569811 -0.1283013402097069
0.6333076547396363 -0.13211014026083273
0.6312497257424077 -0.13612080038358917
0.6291899866914967 -0.14008618267239734
0.6271284831113582 -0.14400631539412145
0.6265636907489402 -0.1484508651807957
0.6259983090488567 -0.15288030199919414
0.6239326876532254 -0.1566948375080984
0.6233655440814173 -0.1610790246415792
0.6235482027588277 -0.16576312165040158
0.6267336503310285 -0.17173738532595548
0.6276684666207973 -0.17678172484839774
0.6278525960295449 -0.18150353727460206
0.6295399071771426 -0.18691569673468827
0.6327321223064946 -0.19306343930066622
0.6351744896621732 -0.19891124372443814
0.6391235657382823 -0.20553990932371752
0.5305341266847586 0.2546637969137995
0.5263901570959124 0.2481901921775161
0.5243921916058663 0.24305637878660385
0.5223924185521456 0.237967813509309
0.5182396676097235 0.2317205027307838
0.5176702096776298 0.22753266375801032
0.5156648892021464 0.2225874273950909
0.5150936902511758 0.21844483880450996
0.5145219228153871 0.21431736387947975
0.5146681087491448 0.21056857348663185
0.5155331300267487 0.20717585028723626
0.5185561485069424 0.20481365867587922
0.5194232724748628 0.2013681532720811
0.5210106575741397 0.19824101302159383
0.5240392881115138 0.1957355095951436
0.5256296152540931 0.19253292362026855
0.5272211606226813 0.18930020250005197
0.5288138410515257 0.18603726887944105
0.5296865111124571 0.18244843450235063
0.5320027760789914 0.1794209189649755
0.535042581052522 0.17662879016028799
0.5388068106648518 0.17404943086739183
0.5425739830686073 0.17139464079864863
0.547789457531124 0.16918045938852502
0.644236025705339 0.0258796835046488
0.6444313322803246 0.020871243956837933
0.6438930970690352 0.015883869054958186
0.6440881094832376 0.010882972962864307
0.6442831218974401 0.005882076870770428
0.6444781343116425 0.0008811807786765491
0.6439384284415945 -0.004068480567024257
0.6426631220226825 -0.008944282382789995
0.6428572520271141 -0.013922549968935913
0.6430513821767028 -0.018900821277487812
0.6432455120359772 -0.02387908514122775
0.642703408371309 -0.028768396631170146
0.6456445123462622 -0.12297990534376399
0.6399013912268139 -0.12602463160088073
0.6348959741951505 -0.12919605548734167
0.6328570788236138 -0.13328140263289312
0.6300734667718364 -0.13705908214762894
0.6280307915784007 -0.1410463945558438
0.6274734376580926 -0.14554348950499132
0.6261716140022282 -0.14974042276507774
0.6256127893505832 -0.1541998022968433
0.6250533765225288 -0.1586440986395809
0.6259828132779341 -0.1636886916059598
0.6254228122734706 -0.16811790475966945
0.6256075298586273 -0.17285480037490178
0.6265378485883323 -0.1779220106800107
0.6274687554944465 -0.1830043041741477
0.6298926753239676 -0.18879251977161018
0.6323183154870131 -0.19462595661037546
0.6377329197214157 -0.2019466537187655
0.6394161926717261 -0.20753274091103685
0.5263104186514375 0.2536769777292346
0.5229089889365189 0.2476436290573138
0.5209268235534844 0.24251804895920073
0.5196543333317674 0.2378464068035171
0.5183806654284803 0.23320493096697265
0.517105780627936 0.22859359033468651
0.5158297600190123 0.22401244725425398
0.5159777104819976 0.22021840729432213
0.5161256609449829 0.21642436733439027
0.5155604086844423 0.21226691846327847
0.5164215624515818 0.20883627252490264
0.5172832632700635 0.2053905271133252
0.5188595969989693 0.2022704440217482
0.5197228102544833 0.19878698458733862
0.5213012028911356 0.1956141028893517
0.5228807711324829 0.19241103986476804
0.5237463391705085 0.18886726268170403
0.5253279663196021 0.1856114010507105
0.5276266221192035 0.182620870437072
0.5292108976812042 0.1792971270695574
0.5322291861810222 0.1765040442243695
0.536683211022818 0.1741963560502508
0.5397067950196985 0.17126750967310395
0.6435744854710967 0.0256964390533056
0.6452267493295862 0.020630309626076364
0.6439674516170188 0.01561921975675996
0.6434354776743192 0.010609452983125146
0.6436316667316542 0.005578383068163325
0.643827855643832 0.0005473168756074918
0.6432947050579999 -0.0044322760751593915
0.6434905998819732 -0.009455800673201231
0.6436864947059465 -0.014479325271243071
0.642421902534754 -0.019354644104871702
0.6440782843538931 -0.024526374467326757
0.6442741793230234 -0.029549902787774578
0.6421049055934874 -0.1231368515163867
0.6371415569938953 -0.12641973706193094
0.635859022248767 -0.13083493673727437
0.6323634692120426 -0.134454588034495
0.6303401246803204 -0.13852413638699715
0.6297907972110364 -0.14308888952581061
0.6285027175341533 -0.14736079000710955
0.6272134173087487 -0.1516024957845713
0.6266617373013229 -0.15610688632910813
0.6253704236926267 -0.16029582176702434
0.6255566120091206 -0.16507043279963857
0.62648243375939 -0.17016052877703816
0.6266689158737743 -0.1749426739593544
0.6275956203464665 -0.18005537232694324
0.6285229122474447 -0.1851831688321008
0.6316732700340665 -0.1913630008056762
0.6348259786169452 -0.1976031507046565
0.6379810410667173 -0.2039036631389966
0.5221082702937707 0.2526911438768013
0.5201440084561877 0.24752102981562563
0.5181779814250014 0.24239616529207547
0.5162102318215254 0.23731659648740605
0.5149469865677614 0.2326831155071817
0.5150958190050464 0.22886645820851984
0.5145377518494165 0.22466401457935198
0.5139790971817532 0.22047665416867057
0.5134198530926767 0.2163043918071826
0.5142755868647613 0.21287347617015495
0.5144238317062654 0.20907188717089714
0.5145720759671413 0.20527031306126325
0.5161376501304392 0.20214975289051923
0.5169954852640887 0.19866605499017215
0.5171446120798925 0.1948418486521843
0.5194223811656729 0.19197128144182257
0.5209921162626578 0.18874514043080765
0.522562985839271 0.18548880180902233
0.5248455039514 0.18249755565027936
0.5264190206121686 0.17917333523305612
0.5301268099629339 0.17665947254597167
0.5338375407763735 0.17407017902412333
0.5361280001409692 0.17087528747906663
0.6450365377581329 0.025491921701691157
0.644512591087159 0.020414509825728167
0.6447108390522402 0.015330641304356428
0.6441859655357187 0.010275858283160945
0.6443839192674383 0.005199535078709176
0.644581872999158 0.00012321187425741453
0.6447798267308776 -0.004953111330194344
0.6435292721913999 -0.009910927812331601
0.6430020900421258 -0.014905369120219718
0.641749433560455 -0.019810388449413647
0.6441213690024883 -0.025094651581008886
0.6435933044434433 -0.030066464382949055
0.639296320304558 -0.1235265411372671
0.6380275289577827 -0.12801669314419917
0.633831088215862 -0.13148538821352201
0.6318268234149146 -0.13562966674530744
0.6298207935041116 -0.13972868082038498
0.628545531636207 -0.1440529028583852
0.6272690498004089 -0.14834694508217217
0.626724513108451 -0.1528963466983971
0.6261793888207122 -0.15743068001521796
0.6256336750278126 -0.16194993020192763
0.6258213346562719 -0.16676227154154774
0.6245404400458342 -0.170943152623565
0.6261966521713056 -0.17638690955191616
0.6271191553718325 -0.1815300425722047
0.6317179730598845 -0.18837993138444598
0.6326431650502622 -0.19359094480562264
0.6365118476481564 -0.2002307520593743
0.6367033295523331 -0.20514111179324043
0.5180790773030708 0.2478216788778887
0.5161295255398174 0.24269001215174835
0.5134775267161389 0.23719542833592686
0.512926015447691 0.23296307177263972
0.5123738734652679 0.22874576713620767
0.511821185760254 0.22454356203189416
0.5105660941130093 0.2199784562104484
0.5107140445759947 0.21618441625051654
0.5108619956196082 0.21239036140096076
0.5110099460825936 0.2085963214410289
0.511860888664219 0.20515009900920128
0.5134157045906607 0.20202906181820707
0.514268160273694 0.1985451253930057
0.5151211604343142 0.19504610429585126
0.5166789178234301 0.19184963627009322
0.5182378946835589 0.1886230182388281
0.5197980053589397 0.18536620256733416
0.5220643851192207 0.18237424083402826
0.5243324870386582 0.1793370281096303
0.5287193551714761 0.17709437583470516
0.5309918698655531 0.17394400196853746
0.5375035960273533 0.17233748163767443
0.6442727899553131 0.02530414536649144
0.6444725085065743 0.02018256515014375
0.6439547799971649 0.015082761810162083
0.6441542044602216 0.009968723188328386
0.645071664378094 0.004817818917491716
0.6423981940057719 -0.00012613168679426537
0.6425967360590579 -0.0052175418026800015
0.6427952781123437 -0.01030895191856573
0.6429938201656296 -0.01540036203445146
0.6431923623640725 -0.020491775872743177
0.6433909044173585 -0.0255831859886289
0.6357513354299187 -0.12368372577582727
0.6352192373829961 -0.12841393183386393
0.6332340504871914 -0.13263291079514322
0.6305206213472083 -0.13655105419582017
0.6292584287161016 -0.14093513336423197
0.6294493230244973 -0.145830424798694
0.6274580030205287 -0.14989102137690086
0.626920272895449 -0.1544778864494961
0.6271099914316545 -0.1593430263955261
0.6272997093872319 -0.1642081514519322
0.6260322642935093 -0.1684564656349184
0.6269502700177197 -0.17362245451879127
0.6285980758638483 -0.17912703617204534
0.6302470145314678 -0.18466175584811578
0.6311673735419433 -0.18988809237772447
0.6328184146486366 -0.19547563901544449
0.6359312817620847 -0.20180067838189877
0.5173927720294922 0.24896787199047887
0.5147652325546996 0.2433988263583931
0.5114400809925114 0.23748218683343347
0.5101986894607327 0.23284214213128562
0.5096519272611135 0.2286250760344371
0.5091046186745278 0.22442310944024865
0.5085567222437207 0.2202362260498174
0.5087049670852248 0.2164346370505596
0.508156187767302 0.2122703858737531
0.5083041382302874 0.20847634591382125
0.5091497010291088 0.2050298849424101
0.5113917068903038 0.20224841697926332
0.5115408342867358 0.1984241957516516
0.5130869505518796 0.19524988291926806
0.5146342440826579 0.19204538883393388
0.5161827548428813 0.18881075955907048
0.5177324013277369 0.1855459178132712
0.5199829371984359 0.1825457063851588
0.5243351344646658 0.18036193941831694
0.5272903410365517 0.17752829380603624
0.5323496053246801 0.17545074646275677
0.5360112489526127 0.17273838734943442
0.5424804436485926 0.17097885865481335
0.5496563685341339 0.16933308227999014
0.6456003161918015 0.025093665448547884
0.6450903633085628 0.019933758163557223
0.6452918466793659 0.014766920935313607
0.644068691913011 0.009659204298419384
0.6435569316224239 0.00454455818492544
0.6444704823017986 -0.0006443037800118664
0.6439581338348024 -0.0057438667044778235
0.6441587346506776 -0.010888071704367494
0.6443593357568669 -0.016032284149069126
0.6431317687965006 -0.02102685453381755
0.6433317818714377 -0.026155987511897176
0.6352824474109297 -0.12977466506394505
0.6347566119501794 -0.13452727971510528
0.6313455721165423 -0.13824140140138055
0.6286530277425351 -0.14214347921728945
0.6274016362989839 -0.1465270948310668
0.6275931187837889 -0.15143746945455686
0.6277846018492219 -0.15634785896767084
0.626530814252454 -0.16067109855101425
0.626721709141478 -0.16556640487510024
0.626189401333966 -0.17015305980753925
0.6263800018444712 -0.1750408170922993
0.6272943926472933 -0.18025229406811039
0.6289334984999361 -0.185810151377483
0.6305737384190737 -0.19139816156983744
0.6351138877019565 -0.19840175934240048
0.6353077240536547 -0.20337249650125033
0.5126898377093391 0.24369144936844464
0.5100817570455168 0.23817614152310365
0.5081615385301582 0.23312133669247775
0.5076204912023943 0.228896991277049
0.5070788149876886 0.22468769786948603
0.5065365913071063 0.22049351883211324
0.5066851299465007 0.2166843956831534
0.5068336685858953 0.21287527253419355
0.5069822078059181 0.2090661344956098
0.5078229800772548 0.20560433692805702
0.5086643812355334 0.20212748735263847
0.51019915166804 0.1989677657994088
0.5117350977066427 0.19577789275038252
0.5125788523172803 0.19224069553659268
0.5148105614608148 0.18930763403781703
0.5163500785957559 0.18602726326390176
0.5213622327078853 0.18418940564105887
0.5222109462316886 0.1805239626871924
0.5265347327673612 0.17824071782910356
0.5301668318096175 0.17559506279130072
0.5365837884290146 0.17393145048029635
0.5402229482428822 0.1711047376303912
0.5501296434818244 0.17044616784679545
0.6421118666718061 0.019755660087523795
0.6413990785627448 -0.01626246757007658
0.6415999740474527 -0.021414229054104165
0.6446368635317145 -0.026896369063940277
0.6472485341447973 -0.1300679336792879
0.6395830033984267 -0.13258381456076773
0.6340574086908145 -0.135679332771304
0.6313902064690615 -0.13967851953618432
0.6287206506288557 -0.14361735867005798
0.6281978400874525 -0.1483093722904625
0.6269577536836595 -0.15270759545283819
0.627150413101911 -0.15764815134400814
0.6266258377828398 -0.1622949004929756
0.6261006745357998 -0.16692658135726818
0.6270105684429337 -0.17216092908628752
0.6279210501942889 -0.17741036001906407
0.6295505738307059 -0.1829988607414721
0.6311812315336177 -0.18861751434686191
0.6313750673046876 -0.19358823661608784
0.6322882393393381 -0.19890557771427117
0.5099194777161066 0.24356861159914045
0.5100709583988036 0.23968404272579283
0.5067984233712419 0.23379996967102737
0.5062633441369421 0.22956076469673783
0.505042293182816 0.224951840433399
0.5051914205792479 0.22112761920578722
0.5053405473950516 0.21730341286779936
0.5054896747914837 0.21347919164018764
0.5063253615139035 0.2100096214026814
0.5071616358321044 0.20652498286577112
0.50799850007898 0.20302521647142138
0.5088359513410083 0.1995103966672915
0.5117372406828166 0.1969539191255842
0.5125767514228385 0.19338628582496012
0.5141052159001807 0.19011297215287945
0.5163234755550843 0.18711132959727475
0.5192323712367825 0.18435872453524238
0.5207652473171267 0.18097227950017952
0.525057304688346 0.17867250404139676
0.532112112911811 0.17736893019668257
0.5343421378367835 0.17406557919164636
0.5427874608154463 0.17302627275243576
0.5470956956403649 0.1703116425916154
0.6540004482742567 -0.1284567553737224
0.6513682934770889 -0.13280196097892594
0.6387965123766184 -0.13370950404898735
0.6333151719642802 -0.13683330884691794
0.6313810479652785 -0.14111803776174545
0.6294451588564209 -0.14535750221986504
0.6282185205167216 -0.14982314363224994
0.6284132382620912 -0.15481648324020592
0.6271848347917742 -0.1592368601968035
0.6273789649413629 -0.16421513150535538
0.6275730945103233 -0.16919338792428337
0.627767224659912 -0.17417165923283526
0.6279613548095007 -0.17914993054138714
0.630294580127506 -0.18510082185883053
0.6312029179587126 -0.19043345628895983
0.6335391264347067 -0.1964597770470776
0.5168084203061448 0.24526211954080368
0.5101697815570894 0.23727531541021432
0.5076035585681852 0.23179209698720005
0.5063950311683887 0.22713838529660926
0.5058656251306908 0.22289188469517054
0.505335590372145 0.21866043610896227
0.5048050074010005 0.21444411677520347
0.5056361972900175 0.21095167578725071
0.5057865010392679 0.207097288181583
0.5066186140276516 0.20358224613907386
0.509497463951393 0.20104740070292682
0.5096492378513522 0.19715531256950106
0.5118490060446177 0.19421330209289425
0.5133675943002258 0.19091687914827443
0.515570557541805 0.18789187252813336
0.5177753261054909 0.18482163261035273
0.5213495138226579 0.1822791895810143
0.5242425225149839 0.17938231920876824
0.5285067154706468 0.17696798126825647
0.5341438995051977 0.17499091269732092
0.539785788951022 0.1728931786141614
0.5433764494236039 0.16992831696902502
0.6577680199295513 -0.12575105818190432
0.6537540955967858 -0.12975566827110868
0.6469201505937635 -0.1327340496194433
0.6386714881443285 -0.13507859895670615
0.6332346115632335 -0.13823821240317619
0.6320231013272554 -0.14281649463882362
0.6301051565449465 -0.14710050662182175
0.6281854061920904 -0.15133927040282727
0.6276757072575561 -0.15609113972963512
0.6264591966511573 -0.16054119252410884
0.6259480275659142 -0.1652553613231587
0.6261430402704307 -0.17025626486006457
0.6270451161583785 -0.17556650558393244
0.6293625393748438 -0.18152566011335033
0.6323893796416334 -0.18785451436509007
0.6340026389347657 -0.1935797341281532
0.5153102742596092 0.24594988897890468
0.5107481257343758 0.23914865742382907
0.5075305599463772 0.23323680316774575
0.5063339687134474 0.22855338727391286
0.5051361594220037 0.22390013636358624
0.5052876395240725 0.22001558237986255
0.5054391196261413 0.21613102839613885
0.5055906003088383 0.2122464595227912
0.5043898894347836 0.20766867059156757
0.5058935599323475 0.2044773664449677
0.5087518144886157 0.20191896582538865
0.5089044709435029 0.19800424546360895
0.5117662558032302 0.19535533084969647
0.5125976554528366 0.1917193387361461
0.5147854031097465 0.18867101547215648
0.516974875415821 0.18557741149674375
0.5205230914692824 0.18301114506824648
0.5227166815908495 0.17981194388001395
0.5276282638047143 0.17765230196932008
0.5311852624567556 0.17485972672289912
0.5367841172942153 0.1727600844850928
0.5403478808459048 0.16979403023041412
0.652546956722212 -0.12548246433722599
0.6499616606444387 -0.1299238248467579
0.6417840225366588 -0.13243148658248954
0.6391916666000905 -0.13669180415481383
0.633100256968153 -0.13964548627876874
0.6319009763647441 -0.14426100688208954
0.6300006412462487 -0.14858203359753064
0.628798712978056 -0.15312965751578958
0.6268951413539918 -0.15736770438659922
0.6256905672466477 -0.1618474613695858
0.6251859533004631 -0.16659155805129577
0.6253821423577981 -0.17162262796625757
0.6262800163929523 -0.17696328845320128
0.6285824776103877 -0.18295332493523805
0.6315889776725356 -0.18931331452461647
0.6338952212856255 -0.19540140054523844
0.5126100311221556 0.24181798559841472
0.5087524307292044 0.2354628582697915
0.5062298704051372 0.22996649595673518
0.5050439969483724 0.22528354082843727
0.5045268198788679 0.2209998018298668
0.505349310438775 0.21745408521525397
0.5055019674742904 0.21353934996385035
0.504983907849858 0.20927824319363386
0.505807280964693 0.20570989435066706
0.5073025863079812 0.20245778176333792
0.5094706261776439 0.19949924072332048
0.510968579185716 0.1961792314509295
0.5124676675052869 0.19282905443539125
0.5146404544081711 0.18974983435861728
0.5161421904762733 0.18633177557709954
0.518991281340931 0.18345562924910216
0.5225160886553285 0.18079763988836783
0.5253701805547825 0.1777932641486551
0.5302484796764064 0.1755187901160369
0.5378279589960182 0.17416222594061007
0.5400174717430761 0.1706530517479739
0.6447830851588148 -0.1296382531976666
0.6394428677082631 -0.13306559236203092
0.6361789580625166 -0.13709807686240222
0.6329121094441039 -0.1410551602483407
0.6310308118538073 -0.14545088872890852
0.6291477907756027 -0.1498013662773011
0.6293475088913928 -0.15492293532643084
0.6295472275878112 -0.1600445192651845
0.6269652123600477 -0.16401725747768803
0.6264680361078496 -0.16881391427041204
0.6266662846535592 -0.1738977976814077
0.6296497546437057 -0.1802209975092065
0.6326356195420648 -0.18660455850727375
0.6335331560352238 -0.19207371540386042
0.635128427829351 -0.19789040326067425
0.5076084242312454 0.24447709284472763
0.5150598635384516 0.24488291966777492
0.5105733589229214 0.2380775094478391
0.506746603634269 0.231761544881522
0.5062371207503342 0.2274176656766477
0.505727087576926 0.22308890071676524
0.5045517178585618 0.2184140027923826
0.5047052568683769 0.21447665020224896
0.5048587964588201 0.21053928272249142
0.5056779671402332 0.2069405290060728
0.5064977240886757 0.20332670693133323
0.5073180717035353 0.19969777194723468
0.5101385861519376 0.19700169959686223
0.5109609907651638 0.1933199808370608
0.5131182281569848 0.19022496202615438
0.5152772287492818 0.18708469358924706
0.5174379559838707 0.18389914452929193
0.520268471173114 0.1809466132965719
0.5231013390679944 0.17793374930773997
0.5292794599886765 0.17617643858530574
0.5341251457802274 0.17377208178062414
0.5369673856951007 0.170517810924675
0.6370802380281027 -0.13370066570660522
0.6345320933849053 -0.13798924148760952
0.6326701700713974 -0.14246721934862194
0.6308064789905306 -0.14689993287076017
0.629630227878495 -0.15155222834603668
0.6284527998330127 -0.1561743425536333
0.6286536954628777 -0.16132610776006687
0.6288545905121145 -0.1664778580768765
0.6290554855613513 -0.17162960839368616
0.6306376451679814 -0.17738642565447268
0.6308391283936273 -0.18255325916031034
0.632423052529485 -0.18835532598818083
0.6367742955965549 -0.19548824904454207
0.6390535586673868 -0.2017135297167904
0.5054257366628635 0.24475741131846013
0.5154499710589344 0.24674792972822554
0.5142935566571003 0.2418622833130311
0.5091850049356226 0.23470506811430597
0.5067069103196347 0.22917285248982225
0.5055446535368908 0.22443809891795313
0.504381218905082 0.21973348182705846
0.5045359342677155 0.21576596285886884
0.5046906502109773 0.21179842900105533
0.5061658694349462 0.20850764562021099
0.5069817181609905 0.20485583979452895
0.5077981558115672 0.20118896572835962
0.5099374909866883 0.19813848093943268
0.5114171614528606 0.19473455258315858
0.5128979684755363 0.1913004416235717
0.5150420077331792 0.18812929126350397
0.5178501238937822 0.18519843821863752
0.5199979473727119 0.18192920857019518
0.5234733737874595 0.1791557026867712
0.5276149737323538 0.17656969672993778
0.5324235510853103 0.17414857080753282
0.5379000659170128 0.1718697101342584
0.5500221206684361 0.1718732784176954
0.5521890630741201 0.16811376323291183
0.6328529097172744 -0.13888182376686847
0.632374434863779 -0.14388166375636308
0.6305283542785964 -0.14835136214332117
0.62936433279913 -0.15304089598627102
0.6288832101133559 -0.1579728691288685
0.6277170895166945 -0.1626095758628766
0.6279191609187497 -0.16779149255774226
0.6294911894293772 -0.17356388367017325
0.6296938495884699 -0.17876089844369078
0.6319531509542273 -0.1848888315979258
0.6342142576392892 -0.1910620577114005
0.6351048171299897 -0.1966297113875748
0.5125236083888735 0.2466181747998251
0.5120307661702627 0.24212394075437949
0.5095780141224643 0.23649463111473593
0.5071229472559649 0.23092568528716823
0.5053191837244323 0.22578535908214192
0.5054756641969216 0.22177257565724445
0.5043235375945618 0.21705335115031432
0.504479429890642 0.2130556509144448
0.5046353227673503 0.20905793578895138
0.506101586667507 0.20572142706803054
0.5075689884529182 0.20235473580271374
0.5090376048912167 0.19895786448751623
0.5105073605435211 0.19553081068683964
0.5126346739372826 0.1923740279706954
0.514107075344991 0.18887909231566402
0.5168945562580576 0.18592465294302643
0.5196843885480095 0.18290988075536002
0.5231340947268709 0.18010501589906697
0.5279024093020508 0.17775011835283502
0.5320166938654772 0.17503445052898597
0.5414018017887011 0.17420919313607214
0.5461841951238992 0.17149222326941596
0.6274164790813157 -0.16417534404131334
0.6278235639287285 -0.17461462315543239
0.508950069210891 0.246090172848572
0.50975725790726 0.2423851374301929
0.5099172685994611 0.23828182509187965
0.5081331737232357 0.23305170046708285
0.5069956287109588 0.22823488988782667
0.5045597263606585 0.22272724580541206
0.5047170893880757 0.21869183015216062
0.5048744524154929 0.21465641449890918
0.5050318148622819 0.21062101373528166
0.5051891778896991 0.20658559808203023
0.5066467039094344 0.20319578264902696
0.5081054049532365 0.19977580077905083
0.50891465313798 0.19601795186463794
0.511026377804991 0.19284533929948044
0.5137911653108984 0.18992012715402237
0.5165583034455676 0.18693456724499474
0.5186759502536143 0.18361112412519026
0.5220996403218245 0.18078241943827256
0.5274835783606034 0.17866567123629554
0.5289558482518939 0.17489873262652
0.5376126242295388 0.17382276675757782
0.5410504341828343 0.17063200603440953
0.5082756040285841 0.2389178737358666
0.5071509160409727 0.23404877271478985
0.5066679534067975 0.22957763317561655
0.5055412070920681 0.22476131587132583
0.5050568068791135 0.22032790768020705
0.5052156400572396 0.2162547914991976
0.505374473815994 0.21218166042856423
0.5055333069941201 0.2081085442475548
0.5069815448439603 0.20468053634746097
0.5077859658606887 0.20090733475157715
0.5085910082063839 0.19711906589733788
0.5119789812841216 0.1945154612966492
0.5134322189237541 0.1909592388450055
0.5155328447412773 0.18765769745990976
0.5176351966204642 0.18431089034139003
0.5216796728238743 0.1817281549250459
0.5250805854476241 0.1787926604894121
0.5284844421915513 0.1757817353368481
0.533834167684673 0.17343678637282822
0.5404845507170396 0.1714503825412482
0.5458442763703741 0.16884898958450467
0.5148931446305492 0.2445277213349256
0.5150581556931708 0.24029617955543853
0.5069347998990313 0.231286040862613
0.5070959863634226 0.2271525770358677
0.5059808801761017 0.22231410449401479
0.5048645964747058 0.2175058281094657
0.5063020767520655 0.21407734321858013
0.5058236467398918 0.209629075562039
0.5066232739086577 0.20584056705352155
0.507423489834461 0.20203696046635214
0.5095041520375299 0.19883278142997673
0.5115865447016502 0.19558329210913936
0.5123897373195604 0.1917042856253363
0.5144750702850984 0.1883793952489829
0.5178443797476138 0.18556340351000775
0.5205752490863826 0.1824024415631808
0.5245918621088594 0.1797051288044819
0.5279699959593974 0.17666284456121514
0.5345624327694299 0.17477962181469858
0.5392330346588853 0.17202747657750445
0.5400506428691509 0.16777886507704173
0.5156649160564928 0.24668849122400213
0.5133041547020837 0.2409121673095468
0.5090444244560338 0.23409412644421357
0.5060455629261341 0.22810128409213615
0.5055748670633404 0.22359292229271266
0.5057366417041408 0.21944437527693933
0.5058984175061976 0.21529579848191818
0.5060601921469979 0.21114725146614488
0.5055880223147359 0.20667661985589356
0.5070179776226766 0.20316469287191663
0.5084491119409389 0.19962259962771736
0.5092466325553465 0.19575087390859658
0.5113149412922298 0.19244790003874207
0.5140204714684353 0.18938404717344945
0.516728354930906 0.18625984666242096
0.5194385884415103 0.1830753132774468
0.523423769595778 0.18035393592346882
0.5274124783122544 0.17754202953824147
0.5326785270068513 0.17513293281499048
0.5366749243029707 0.1721249314773251
0.5728086511571854 -0.09132303999251941
0.5729954276500884 -0.09611273421416165
0.5731822047236197 -0.10090244332542783
0.5733689806358946 -0.10569212265744615
0.5742108794363606 -0.11070281642736149
0.5743979503077824 -0.11550005968832966
0.5758964811953408 -0.12076946714718398
0.513867288626565 0.24731765385047025
0.5134081476926224 0.2426511496168368
0.5085607476577628 0.23542993770997994
0.5080983714632554 0.2308463984608124
0.5051258156881479 0.2248698317747424
0.5046610509779428 0.2203466092331805
0.5048237081736711 0.21617542998905323
0.5049863659500275 0.21200423585530206
0.5051490231457558 0.2078330566111748
0.5059405729787545 0.20397620524710025
0.506732678996861 0.20010422498407726
0.5087843016661782 0.1968156349834031
0.5108376509777872 0.19348176435968106
0.5122627701061598 0.18981851488172458
0.515580051501122 0.18695487349641535
0.5182696491835619 0.18374676867329395
0.5209615675803372 0.18047828538414018
0.5249183337679514 0.17765741503571783
0.5307731445668755 0.1754853060000389
0.5360014160147942 0.17293852143857136
0.5406023339387701 0.1700397404484721
0.5483693143816004 0.16815430708678863
0.572718578350437 -0.07811600104468056
0.5716111654974512 -0.08259900498646282
0.5692059972688038 -0.08668480578347564
0.5661499059278841 -0.09051918738697325
0.5656863513036835 -0.09507257526554243
0.5665205180316442 -0.10002315988511778
0.5667058243738384 -0.10477515357900202
0.5681906529881107 -0.10996959242209399
0.5683765475067141 -0.11473666930500621
0.569212770484918 -0.11974005264882517
0.5707002097926567 -0.12500237444623744
0.5086554543877863 0.2371307127194724
0.5075782115416115 0.23215037352725057
0.506499759770689 0.2272001698927883
0.5041755217943835 0.22159168275154936
0.5043393565041867 0.2173903073501183
0.5045031900527334 0.21318896172793508
0.5040438367006982 0.20866600850206563
0.5060778528605856 0.2054144035429618
0.5081135950821367 0.20211753285043405
0.5095270708449695 0.19847645338183
0.5103173250584161 0.1945137204817856
0.5123575179415425 0.19110371970345202
0.515024422049328 0.18792481226934546
0.5176936424720612 0.1846855709202446
0.5209907954160984 0.18164724316007427
0.524916754302602 0.17878722618622733
0.5288462064374998 0.17583669402970617
0.5327791908689843 0.17279564796722682
0.5429829612407406 0.17197508600804023
0.5462989334180073 0.1684540215151873
0.5662723487064799 0.047522233584071594
0.5664617725228208 0.04266465143083784
0.5672864426275019 0.03781942608123109
0.5693828156114693 0.03296874344734337
0.5708185205073254 -0.06905974344449708
0.5690818786622488 -0.07343393370480522
0.567343511626451 -0.0777628805661253
0.5656033380654162 -0.08204657181009921
0.562575616702041 -0.08591747611833199
0.5608313253255136 -0.09009557014948603
0.5603722695901285 -0.0946260871864717
0.5605563984182478 -0.09934788472305212
0.5600964601279348 -0.10385576953168382
0.5602802957387919 -0.10857004780818616
0.5611087866444905 -0.11351332200166508
0.5619378663072266 -0.11847169427379596
0.565348592269032 -0.1244215528254512
0.5668255624871743 -0.12969188599902465
0.514070505089953 0.24649608170836676
0.5142408103208856 0.2421287763380039
0.5082476907810483 0.2341706094461989
0.5065651299309388 0.22882408285947414
0.5061146876617305 0.22421085422304238
0.5062808750771705 0.21994914606549937
0.5058295534911654 0.2153585348856313
0.5066132487467938 0.21142575952966114
0.507397535997591 0.2074778713232488
0.5075640172109214 0.20320862901600373
0.508967911754092 0.19953690617855196
0.5103729453437736 0.19583497101745642
0.512398469361385 0.19238655410734348
0.5150453290555465 0.18916897727427145
0.5164547742586112 0.18535391075065402
0.5203460686738441 0.18255279428382767
0.5236204401871665 0.1794076765981907
0.5268977883925957 0.17618715901592008
0.5339043282607527 0.17432161998087375
0.5384319588831692 0.17136667015719087
0.5404771905845722 0.16741286963208488
0.568087479405617 0.05746439952058638
0.5632476128728765 0.052260955812557366
0.5621787776780611 0.04734142322796776
0.5623679073721762 0.04249138354168691
0.5631869045638551 0.03765346227996236
0.5640064846951858 0.03280045558693297
0.5660876010727001 0.027926428843075946
0.5662782014017589 0.023038676211323376
0.5670998458102758 0.018132869751649204
0.5672907403364071 0.013237572733578158
0.567481634935117 0.008342273854304125
0.5670406030083086 0.003487658239501149
0.5659667676063743 -0.001303649091621395
0.5674218037390049 -0.006287848885206979
0.568245212894485 -0.011238910495574087
0.5678030044697012 -0.0160633560099151
0.566726815926659 -0.020794319417707742
0.5681842050552405 -0.02583885941221725
0.567106840304537 -0.03053966016435989
0.5666625360006894 -0.03531129334154945
0.5668522542465808 -0.04017642584276751
0.567041971911844 -0.04504154345436165
0.5672316901577354 -0.04990667595557971
0.5667859571185603 -0.054640599765649514
0.5663396308782838 -0.0593594480671707
0.5646205964135792 -0.06377064570348509
0.5648088436378194 -0.06859805534250926
0.5643604584897965 -0.07326410503762051
0.5620006785717144 -0.07740833039191083
0.5590013251090091 -0.08131577241233637
0.5579116086983883 -0.08569975907374991
0.5561828649235443 -0.08986203954006443
0.5550905017190821 -0.09417815185085203
0.5546353117522766 -0.09867070147998572
0.5541795812103917 -0.1031481811794982
0.5550012178641349 -0.1080539935762824
0.5551841703394359 -0.11274562473480684
0.5560067365688086 -0.11767406772972787
0.5593893499602707 -0.12359493888523235
0.5621347398552433 -0.1293393595808177
0.5123474973088813 0.24272346326728278
0.5100745643016755 0.23690569094028732
0.5084104972503016 0.23149956220892956
0.5067446635928253 0.22613866803719812
0.5050771000549258 0.22082306926030476
0.5052441700252936 0.2165387288744078
0.5066360900987266 0.21289666425042264
0.5068037476648753 0.2085972555651216
0.5075844227355347 0.20460389430368706
0.5089790310181902 0.20089396416843766
0.5097611720858087 0.1968628723643299
0.5117717313631397 0.19338355846468203
0.5131698334748177 0.1895830982571345
0.5170270847477471 0.1868258150389734
0.5196583116416676 0.183456437444414
0.5235220698264155 0.18053322541620348
0.5273893244976888 0.17751948343352847
0.5306444489537576 0.1741770769239243
0.533286551170938 0.17052860786516238
0.5427098403534489 0.16927365470029457
0.5645747705702983 0.05730864600169361
0.559777939642486 0.05210711049249903
0.5587198620201512 0.047188054898701204
0.5589089917142663 0.042338015212420345
0.5590981214151858 0.03748797535165171
0.5599120286176376 0.03264227315364266
0.560101452448721 0.027784690622352053
0.5609162473759499 0.022916360154062433
0.5617316670517234 0.01803294300261972
0.5619216792406623 0.013160272629293647
0.5633641929086921 0.008220854718015213
0.5623017034008047 0.0034149374662504686
0.5624917155897436 -0.0014577329070756054
0.5639359941498937 -0.006442409691452957
0.5641265945152418 -0.011330163253807018
0.5624339910931468 -0.016004642158389357
0.5626237091938813 -0.020869770937201437
0.5628134268591444 -0.025734888548795576
0.5630031451050358 -0.030600021050013637
0.563192862770299 -0.035465138661607776
0.5627533860475998 -0.040221463885114994
0.5623133261731836 -0.04496269823911489
0.5625024559523517 -0.049812740106493
0.5614313998991141 -0.0543999113297685
0.560989574914842 -0.0590958812270605
0.5605471567294686 -0.06377677561580386
0.5588422050307449 -0.06813445892385331
0.558398027340836 -0.07277009606503335
0.5566901602304288 -0.0770523552955833
0.5537167861973717 -0.08093595119945457
0.5532690788683794 -0.08548107431684278
0.5515559229046674 -0.0896275697208495
0.5504736894674562 -0.09392810823890949
0.5500233297393022 -0.09840534979652715
0.5502056940381939 -0.10308189776602358
0.5510216654996876 -0.10798039926537668
0.551204324177098 -0.11266449627419907
0.5513869828545084 -0.11734859328302148
0.5528386514620331 -0.1225218459954261
0.5561958422342591 -0.12848163993491585
0.5563805598194158 -0.13321853555014818
0.515880313245118 0.24661259243802175
0.5148432517969219 0.241430008011565
0.5077462764036047 0.23276691616066425
0.5067039202064694 0.22772011021470726
0.5062668805170222 0.22303946176617176
0.5052225018028297 0.21804545558550703
0.5059980924657674 0.21404430678935066
0.5061669269653629 0.20971471683636972
0.5069433948682224 0.20569093557619203
0.507720455681869 0.20165208625227762
0.5091063632229155 0.19788886551236892
0.5117104784525359 0.19466184621292676
0.51370810082165 0.19109883579411907
0.5157075294256868 0.1874905772027772
0.518318115757065 0.18409761304477928
0.5227601423571234 0.18140334686118414
0.5259863092398666 0.17811253135571922
0.52860513120223 0.17450837277208162
0.5397744933135858 0.1740692210044064
0.5405694967011684 0.16957025252220678
0.5462544804593943 0.166778583562273
0.5571165370763578 0.04711486862833438
0.5573065491927183 0.0422422001162113
0.5587347758306304 0.03739281458492548
0.5589253762141232 0.03250506055727067
0.5578765855236549 0.027624195045142793
0.5580665976763046 0.022751525602418214
0.5576362921011367 0.017897389777598
0.5578260100567141 0.013032264721191901
0.5573948533651939 0.008200752741925665
0.5575842772325665 0.003343169280033559
0.5577737009547822 -0.001514410459452567
0.5579631248221549 -0.006371993921344674
0.5581525485443706 -0.0112295736608308
0.5577196324208934 -0.01601583025373671
0.5579087619097474 -0.02086586467630287
0.5580978916889154 -0.02571590654368097
0.5570405399858388 -0.030378031375261186
0.5572290812982835 -0.03521298260879935
0.5574176226107284 -0.0400479338423375
0.5569820539429324 -0.044766305153066926
0.5571703011671726 -0.0495937147920911
0.5567338499444487 -0.05428945387446656
0.5562968158603219 -0.05897010953214665
0.554608588696728 -0.06334216054303643
0.5547953651896311 -0.06813185476467867
0.5543562721977578 -0.07275971181594885
0.5514118882652799 -0.07669493502480415
0.549717479063441 -0.08090859045213156
0.5480213467477557 -0.08507698747301329
0.5469504590594343 -0.08939213218930951
0.5465057772304172 -0.09387666916556595
0.5460605078056191 -0.09834613784241832
0.5456146126524664 -0.10280049470987723
0.5464246482269933 -0.10768415059238319
0.5459781648974313 -0.11212342427081412
0.5467887892289959 -0.11702217823197202
0.5488581801519686 -0.12242562061504882
0.5515587725702884 -0.1281266998245509
0.5530023312701162 -0.13336832621280914
0.5128698709283994 0.2420060350084253
0.5130439995963059 0.23754068146456853
0.5066093821464579 0.22929913730550866
0.5067802749731715 0.22491676363574173
0.5057484236756933 0.21987798511445222
0.5053170624660112 0.21519002635765402
0.5054870727377968 0.210830284916241
0.5056570841708389 0.20647051369558017
0.5076347408486237 0.20300485061803528
0.5084085181744655 0.19891296535119746
0.5097859797236012 0.19508891858021138
0.5117680897204644 0.19151012553469438
0.5149594155239052 0.1884217775925203
0.5175496630631408 0.1849976930748829
0.5213509015681937 0.18201880456483926
0.5245510517596573 0.17870416411837356
0.5283590445343461 0.1755517961287374
0.5327758047335117 0.17253905487250262
0.5378021779407645 0.16964332185205683
0.5440448259424477 0.16705701333218223
0.5551152087212113 -0.006582082685693821
0.5553049266767887 -0.01144720774209992
0.5548776779675931 -0.016240763947385356
0.5550671019801229 -0.021098351131683436
0.5552565258474956 -0.025955934593575543
0.5554459494245542 -0.030813510610655688
0.5556353732919269 -0.03567109407254779
0.5552063650781958 -0.040419393030269916
0.5541580058377438 -0.04503577641435047
0.5537275218679836 -0.04974636763517002
0.5539157690922237 -0.05457377727419419
0.5534844078825417 -0.059261736030992385
0.5530524584964505 -0.06393461159876261
0.5513794851366496 -0.0682833148951108
0.5503252799421665 -0.07274885034040518
0.5480282862447462 -0.0768449639471936
0.5463500134016281 -0.08105790388833338
0.5434272286514122 -0.08485615613970954
0.5429882199871542 -0.08934800365989605
0.5425486231464869 -0.09382476799105453
0.5421084005774649 -0.09828642051281963
0.5410450721723766 -0.10251813698459974
0.5424719534030581 -0.10760936496338044
0.5426537295255407 -0.11227082974384889
0.5428355056480232 -0.11693229452431736
0.5448884980706958 -0.12232893221028868
0.5463192402902969 -0.12751823698292875
0.5489997507430471 -0.13325795697103085
0.5174180427378307 0.24652058887430855
0.513430141699833 0.23950301149249031
0.5088427165856398 0.23224801398334638
0.5078248533868289 0.22712673234309144
0.5068058185695776 0.22203563220618375
0.5057855662744408 0.21697468216315835
0.5053607602038175 0.21225679552370005
0.5067259934491355 0.20846998717930412
0.5068980626286674 0.20405744713148122
0.5082651021089082 0.20022539061455114
0.5096332768169004 0.1963631514353913
0.5116007217670082 0.19274591259668084
0.512971548874162 0.18881579185775052
0.5167381865555569 0.18589583559823897
0.5193104074638477 0.18238026679105251
0.5230835162470002 0.17929436567298526
0.5256610730292973 0.17564303466947273
0.5312401047945807 0.17308089129459256
0.5356241774697957 0.16993824997053047
0.5512754669552709 -0.05969353657873107
0.5508494898468353 -0.06438125660446603
0.5504229139319783 -0.06905389391250773
0.5475352696642755 -0.07306215508602136
0.5446446735942002 -0.07699499334091783
0.5423668417554759 -0.08102980532038684
0.5400866622358069 -0.08500427686326455
0.5396530323577892 -0.08949588588805518
0.5386021943980979 -0.09377236096971853
0.5375502117418993 -0.09801868363973487
0.5371142291582447 -0.10244995990841355
0.5379125876340459 -0.10731144682261579
0.5380937761607475 -0.1119578433036802
0.5395110755911386 -0.11707969976168472
0.540929584191916 -0.12223176634340202
0.5423492321741942 -0.12741398557243375
0.545626906294994 -0.13340750890262854
0.5476690624228912 -0.1389406403196199
0.5137517271578362 0.24146249399395073
0.5103891911949004 0.2348497735234346
0.5076134409695997 0.2286628264257146
0.506606634456166 0.22353448786221672
0.506189524647987 0.21875647602391213
0.5057718618928316 0.21399357831276575
0.5065366050503535 0.20985595020387854
0.5073019727749736 0.20570324006484567
0.5080678928659419 0.20153543068827856
0.5094267801521625 0.197635013990569
0.5119722334528765 0.19425425618722458
0.5139270657877123 0.19054580249249115
0.5152903652679441 0.18653223954263576
0.5184355512441866 0.18324538052026726
0.5209898171416545 0.17963835952054436
0.5265172039895825 0.17715704956119105
0.5302665342547365 0.1738509579572766
0.5447345018139038 -0.07337593682242927
0.5412610715736665 -0.07714502226330729
0.5390047548799033 -0.08117888026119277
0.5373567058958647 -0.08533757526258864
0.5363178394134179 -0.08964376835188172
0.5352777590262071 -0.0939197664427533
0.5342365392574953 -0.09816561188631048
0.5338059301450748 -0.10259664989526068
0.534598915149642 -0.1074583750691914
0.5347801036763435 -0.1121047715502558
0.536186640219248 -0.11722710523471949
0.5375943912475447 -0.12237964880722854
0.5390032816573425 -0.12756234502705202
0.5434812131055733 -0.1340783060043228
0.5455078151555246 -0.13962722144257322
0.5463078547038807 -0.14466998978937898
0.5167497068220093 0.24980854502451033
0.5140087970953827 0.24341914525312333
0.5100956156227177 0.23642000512116673
0.5085181549959915 0.2308665935457692
0.5081093648560989 0.22601340425772054
0.5077000229304862 0.22117529931758223
0.5061184492226455 0.21572750008029587
0.5057073010621098 0.2109346433126918
0.5064684716683143 0.20675152853587447
0.5084035968802789 0.20313285709457152
0.5103405283271665 0.19946893748073435
0.5116918938820995 0.19548506391814324
0.5124568526958451 0.1912038700297018
0.5143981904411096 0.1874268188176754
0.5175176535239628 0.18410860070460414
0.520051585944294 0.18047045958090907
0.5255317300194939 0.17795682142397823
0.5396914470741315 -0.07780607828113835
0.5362476164161896 -0.08150584419693882
0.5340107606940191 -0.08548593448153954
0.5329826517840529 -0.08979165058004085
0.5319533289693227 -0.09406717168012067
0.5309228667730914 -0.0983125401328861
0.5311040547191648 -0.10295892172432658
0.5324986579173985 -0.10805158091114996
0.532680434039881 -0.1127130456916184
0.5334695379114782 -0.1176127538700272
0.5348667881938675 -0.12277329485228852
0.5374810203388181 -0.1284706411844661
0.5400976110850396 -0.13422833492671227
0.5097482480343823 0.2379878217500248
0.5081883992320922 0.2323974253687243
0.5077864639247831 0.22750675939435697
0.5062236683448126 0.22199179361215293
0.5058199995839588 0.21714637812808457
0.5059964809575022 0.21262069182811585
0.5061729629116736 0.20809499063852321
0.506930772514317 0.20385882247572643
0.5082707923203602 0.19988955511137152
0.5096120189742764 0.19589013718179954
0.5109543861709502 0.19186053682566528
0.514045484591265 0.18857884165299652
0.5159739271340078 0.18471809531636005
0.5190703144076274 0.1813006363171481
0.5233364221519922 0.17828120066998757
0.534079309870656 -0.08201139727230848
0.5324644164493011 -0.08619130097449496
0.5302476110363891 -0.09013273651408676
0.5298298231385734 -0.09461608101336381
0.5288106697199145 -0.09887604193362391
0.5289924464230252 -0.10353752160371628
0.530376917196505 -0.10864575470110097
0.5305592814953968 -0.1133223026705974
0.5307416463749167 -0.11799886552971775
0.5327306756434809 -0.12341343369551112
0.534721444261224 -0.12887326700555998
0.5087732067829088 0.2392111903020294
0.5089532183761638 0.2345949750886449
0.5068352804745234 0.22867073381087444
0.5058645706961336 0.22344576315663411
0.5060428171795326 0.21887481239995749
0.5056457082921154 0.21399948415852033
0.5052479754182282 0.20913922305760488
0.5060016130825045 0.2048726658341951
0.5073320522495137 0.20087274021136856
0.5080871248350662 0.19656845152207056
0.5117270143029471 0.19358242325598723
0.5130618597683333 0.18946936603497136
0.5161301767579332 0.186080880936836
0.5292861646039574 -0.09105463930217927
0.5276847651915456 -0.0951659305974489
0.5272723566605985 -0.09964905149095399
0.5268593646876201 -0.10411707407013972
0.5276376740154194 -0.10901724550859876
0.528416576834634 -0.11393249990041837
0.5291961048015753 -0.11886285121200754
0.5077292899921698 0.22617426810585944
0.5067707774419148 0.2209120581018139
0.5058111243489021 0.21568003052433068
0.5065611125267329 0.21136795430031083
0.5073116947766074 0.20704078023330652
0.5086337589911993 0.2029800755660391
0.5093858113917827 0.19861520097127672
0.5107099045996946 0.19450166699513652
